---
poses:
- x: 5.0
  y: 7.0
  heading: 0.6283185307179586
- x: 5.0
  y: 7.0
  heading: 0.6283185307179586
constraints:
  maxVel: 25.0
  maxAccel: 40.0
  maxJerk: 0.0
  maxAngVel: 3.141592653589793
  maxAngAccel: 6.283185307179586
  maxAngJerk: 0.0
resolution: 0.25
